3 0.32104009781753634 0.11353498327326544 0.41942335360032973 0.027008322012142455
3 0.510039510242376 0.16004931562751076 0.8000112114969249 0.04401356179756547
2 0.12427358625194952 0.1955602575323647 0.028479363516071762 0.021006472676110766
3 0.504214185886816 0.20606349387042008 0.7158676374721675 0.04001232890687767
3 0.15469472455320799 0.24557566866596178 0.024595813945698347 0.02300708912145467
3 0.15340020802975018 0.2700832201214244 0.019417747851867107 0.016004931562751068
3 0.15404746629147908 0.29209000102020716 0.020712264375324932 0.02000616445343887
3 0.15404746629147908 0.31359662780765385 0.020712264375324932 0.02100647267611073
3 0.15340020802975018 0.3361035628177726 0.016828714804951517 0.02000616445343887
3 0.154694724553208 0.3616114224959071 0.01423968175803589 0.01900585623076694
3 0.21747877594091164 0.24307489810928196 0.09061615664204649 0.02200678089878277
3 0.21683151767918274 0.2700832201214244 0.08673260707167305 0.0220067808987827
3 0.2071226437532492 0.2915898469088712 0.06990389226672161 0.013004006894735305
3 0.20194457765941798 0.31459693603032585 0.05954776007905917 0.017005239785422965
3 0.23042394117548973 0.33860433337445245 0.11909552015811829 0.015004623340079135
3 0.2174787759409117 0.36261173071857905 0.10615035492354025 0.01900585623076694
3 0.1902939289482977 0.3966222102894251 0.12427358625194954 0.02100647267611073
3 0.517159351121394 0.4546400872043977 0.7702373314573953 0.07102188380970788
3 0.4647314319213528 0.5131581182307063 0.6446692286819881 0.028008630234814404
2 0.1229790697284917 0.5601726046962876 0.020712264375324932 0.0200061644534388
3 0.5249264502621409 0.5691753787003351 0.7624702323166486 0.04601417824290948
3 0.15598924107666579 0.6081873993845409 0.022006780898782736 0.02000616445343887
3 0.15469472455320799 0.6296940261719876 0.02200678089878272 0.019005856230766796
3 0.15340020802975018 0.6547017317387862 0.022006780898782736 0.01700523978542293
3 0.15340020802975018 0.6772086667489049 0.022006780898782736 0.016004931562751068
3 0.15145843324456348 0.6992154476476875 0.02330129742224054 0.01600493156275121
3 0.15210569150629236 0.7222225367691422 0.024595813945698364 0.018005548008095076
3 0.22848216639030305 0.6081873993845409 0.11003390449391365 0.02000616445343887
3 0.22524587508165847 0.6326949508400035 0.10873938797045582 0.019005856230766796
3 0.2233041002964718 0.6552018858501222 0.0970887392593356 0.022006780898782666
3 0.22783490812857413 0.6772086667489049 0.11132842101737146 0.016004931562751068
3 0.22136232551128507 0.7002157558703596 0.09320518968896213 0.020006164453438943
3 0.21812603420264054 0.7242231532144863 0.08673260707167309 0.026008013789470538
3 0.19482473678040002 0.7572333245626602 0.0970887392593356 0.026008013789470395
3 0.5255737085238686 0.8157513555889687 0.7585866827462736 0.07502311670039623
3 0.47767659715593097 0.8789627050566949 0.6731485921980598 0.030009246680158128
1 0.8213707341339789 0.9464835100870509 0.1281571358223229 0.061018801582988544
2 0.504861444148545 0.9769929108785452 0.049191627891396694 0.018005548008094934
